
Id = 1;
u = 200;

Eox = 11.7*(8.85e-14);
%d = 1.187139070236054e-06;
%Cox = Eox/d;
%Cox = 8.722229989398869e-2;
Cox = 8.758312047929556e-2;
Vg = 1;
Vt = 0.5;

d = Eox/Cox;

a = Id / (1/2 * u * Cox * (Vg - Vt)^2) ;